location--------------------------------------------

location_traffic_convenience
       1     21254    0.2024
       0      1046    0.0100
      -1      1318    0.0126
      -2     81382    0.7751

location_distance_from_business_district
       1     20201    0.1924
       0       533    0.0051
      -1       586    0.0056
      -2     83680    0.7970

location_easy_to_find
       1     17947    0.1709
       0      2472    0.0235
      -1      3976    0.0379
      -2     80605    0.7677

service--------------------------------------------

service_wait_time
       1      4821    0.0459
       0      4382    0.0417
      -1      3034    0.0289
      -2     92763    0.8835

service_waiters_attitude
       1     41372    0.3940
       0     12534    0.1194
      -1      8684    0.0827
      -2     42410    0.4039

service_parking_convenience
       1      3945    0.0376
       0      1456    0.0139
      -1      1323    0.0126
      -2     98276    0.9360

service_serving_speed
       1      8434    0.0803
       0      2379    0.0227
      -1      5487    0.0523
      -2     88700    0.8448

price--------------------------------------------

price_level
       1     15556    0.1482
       0     24249    0.2309
      -1     12375    0.1179
      -2     52820    0.5030

price_cost_effective
       1     18675    0.1779
       0      3072    0.0293
      -1      3011    0.0287
      -2     80242    0.7642

price_discount
       1     20786    0.1980
       0     18255    0.1739
      -1      1716    0.0163
      -2     64243    0.6118

environment--------------------------------------------

environment_decoration
       1     39453    0.3757
       0      9492    0.0904
      -1      2139    0.0204
      -2     53916    0.5135

environment_noise
       1     23635    0.2251
       0      4843    0.0461
      -1      3077    0.0293
      -2     73445    0.6995

environment_space
       1     24634    0.2346
       0      9262    0.0882
      -1      5706    0.0543
      -2     65398    0.6228

environment_cleaness
       1     29186    0.2780
       0      4703    0.0448
      -1      4513    0.0430
      -2     66598    0.6343

dish--------------------------------------------

dish_portion
       1     28559    0.2720
       0      9506    0.0905
      -1     10018    0.0954
      -2     56917    0.5421

dish_taste
       1     55367    0.5273
       0     40200    0.3829
      -1      4363    0.0416
      -2      5070    0.0483

dish_look
       1     21172    0.2016
       0      4675    0.0445
      -1      3178    0.0303
      -2     75975    0.7236

dish_recommendation
       1     15970    0.1521
       0      1988    0.0189
      -1      2275    0.0217
      -2     84767    0.8073

others--------------------------------------------

others_overall_experience
       1     70070    0.6673
       0     23436    0.2232
      -1      9384    0.0894
      -2      2110    0.0201

others_willing_to_consume_again
       1     32328    0.3079
       0      2913    0.0277
      -1      4159    0.0396
      -2     65600    0.6248

